0	-20	0.000	0.000	1.000	1.0	1.000	0.000
0	-18	0.000	0.000	1.000	1.0	1.000	0.000
0	-16	0.000	0.000	1.000	1.0	1.000	0.000
0	-14	0.000	0.000	1.000	1.0	1.000	0.000
0	-12	0.000	0.000	1.000	1.0	1.000	0.000
0	-10	0.000	0.000	1.000	1.0	1.000	0.000
0	-8	0.000	0.000	1.000	1.0	1.000	0.000
0	-6	0.000	0.000	1.000	1.0	1.000	0.000
0	-4	0.000	0.000	1.000	1.0	1.000	0.000
0	-2	0.000	0.000	1.000	1.0	1.000	0.000
0	0	0.000	0.000	1.000	1.0	1.000	0.000
0	2	0.000	0.000	1.000	1.0	1.000	0.000
0	4	0.000	0.000	1.000	1.0	1.000	0.000
0	6	0.000	0.000	1.000	1.0	1.000	0.000
0	8	0.000	0.000	1.000	1.0	1.000	0.000
0	10	0.000	0.000	1.000	1.0	1.000	0.000
0	12	0.000	0.000	1.000	1.0	1.000	0.000
0	14	0.000	0.000	1.000	1.0	1.000	0.000
0	16	0.000	0.000	1.000	1.0	1.000	0.000
0	18	0.000	0.000	1.000	1.0	1.000	0.000
0	20	0.000	0.000	1.000	1.0	1.000	0.000
8	-20	0.480	0.090	387.357	133.8	0.655	0.027
8	-18	0.484	0.086	449.709	159.3	0.659	0.031
8	-16	0.487	0.082	516.766	182.3	0.663	0.036
8	-14	0.490	0.077	626.781	224.8	0.667	0.045
8	-12	0.489	0.071	753.408	269.5	0.674	0.056
8	-10	0.485	0.065	963.541	353.4	0.677	0.072
8	-8	0.475	0.058	1317.890	455.5	0.687	0.102
8	-6	0.449	0.050	2034.240	687.0	0.704	0.167
8	-4	0.406	0.039	6622.670	1811.9	0.781	0.559
8	-2	0.328	0.029	10376.200	3452.9	0.771	0.776
8	0	0.224	0.017	12219.600	5667.1	0.653	0.796
8	2	0.033	0.003	15675.800	13350.4	0.225	0.796
8	4	0.006	0.001	16761.000	16235.5	0.059	0.796
8	6	0.005	0.001	16802.700	16342.0	0.053	0.796
8	8	0.006	0.001	16819.700	16382.6	0.051	0.796
8	10	0.006	0.001	16825.800	16400.6	0.050	0.796
8	12	0.005	0.001	16829.700	16410.3	0.049	0.796
8	14	0.006	0.001	16832.100	16416.3	0.049	0.796
8	16	0.006	0.001	16836.000	16423.7	0.048	0.796
8	18	0.006	0.001	16836.900	16426.4	0.048	0.796
8	20	0.006	0.001	16837.500	16429.1	0.048	0.796
16	-20	0.506	0.081	559.333	190.7	0.679	0.040
16	-18	0.509	0.077	659.853	229.7	0.682	0.048
16	-16	0.510	0.074	754.165	262.6	0.688	0.056
16	-14	0.509	0.069	889.151	312.1	0.694	0.067
16	-12	0.508	0.065	1103.670	388.5	0.699	0.086
16	-10	0.502	0.061	1415.720	475.3	0.709	0.112
16	-8	0.490	0.057	2014.100	660.5	0.721	0.167
16	-6	0.469	0.051	4520.760	1263.8	0.769	0.402
16	-4	0.429	0.041	8477.280	2229.5	0.811	0.716
16	-2	0.359	0.032	9934.560	3061.5	0.796	0.780
16	0	0.263	0.021	11657.500	4874.1	0.699	0.796
16	2	0.130	0.009	13945.600	8730.5	0.480	0.796
16	4	0.006	0.001	16725.800	16139.1	0.065	0.796
16	6	0.006	0.001	16794.200	16321.6	0.054	0.796
16	8	0.006	0.001	16814.500	16373.4	0.051	0.796
16	10	0.006	0.001	16823.200	16395.0	0.050	0.796
16	12	0.006	0.001	16828.100	16407.5	0.049	0.796
16	14	0.005	0.001	16831.200	16415.7	0.049	0.796
16	16	0.005	0.001	16833.400	16421.1	0.049	0.796
16	18	0.005	0.001	16835.400	16425.5	0.048	0.796
16	20	0.005	0.001	16836.700	16429.1	0.048	0.796
24	-20	0.515	0.077	693.756	241.0	0.688	0.050
24	-18	0.515	0.074	767.003	264.4	0.694	0.058
24	-16	0.517	0.070	892.240	310.3	0.698	0.068
24	-14	0.517	0.068	1073.750	377.2	0.703	0.084
24	-12	0.514	0.064	1337.160	444.1	0.712	0.105
24	-10	0.507	0.061	1710.920	557.5	0.722	0.139
24	-8	0.497	0.056	2674.170	807.2	0.740	0.229
24	-6	0.479	0.051	6910.150	1767.3	0.796	0.592
24	-4	0.441	0.042	8726.250	2345.2	0.815	0.735
24	-2	0.375	0.034	9739.500	2919.0	0.806	0.782
24	0	0.285	0.023	11292.800	4452.6	0.723	0.796
24	2	0.162	0.012	13208.100	7320.0	0.559	0.796
24	4	0.006	0.001	16679.600	16023.6	0.072	0.796
24	6	0.006	0.001	16784.800	16301.7	0.055	0.796
24	8	0.005	0.001	16812.000	16366.8	0.052	0.796
24	10	0.005	0.001	16821.700	16392.8	0.050	0.796
24	12	0.005	0.001	16827.000	16406.6	0.049	0.796
24	14	0.005	0.001	16830.000	16414.3	0.049	0.796
24	16	0.005	0.001	16832.800	16421.2	0.049	0.796
24	18	0.005	0.001	16834.400	16426.1	0.048	0.796
24	20	0.005	0.001	16835.500	16429.9	0.048	0.796
32	-20	0.519	0.075	755.512	259.3	0.695	0.056
32	-18	0.520	0.071	860.459	296.0	0.699	0.065
32	-16	0.521	0.069	1001.650	352.0	0.703	0.078
32	-14	0.521	0.066	1229.760	408.3	0.711	0.095
32	-12	0.517	0.063	1493.910	489.3	0.721	0.120
32	-10	0.512	0.060	2004.150	647.4	0.730	0.167
32	-8	0.501	0.057	3422.660	988.5	0.759	0.301
32	-6	0.484	0.051	7796.560	1969.3	0.804	0.663
32	-4	0.448	0.043	8879.700	2403.2	0.818	0.746
32	-2	0.387	0.036	9644.030	2846.2	0.811	0.784
32	0	0.301	0.025	11068.600	4168.4	0.739	0.796
32	2	0.185	0.013	12810.400	6686.0	0.595	0.796
32	4	0.007	0.001	16604.300	15854.6	0.082	0.796
32	6	0.005	0.001	16778.700	16285.2	0.056	0.796
32	8	0.005	0.001	16809.400	16361.6	0.052	0.796
32	10	0.005	0.001	16821.100	16391.0	0.050	0.796
32	12	0.005	0.001	16826.400	16405.2	0.049	0.796
32	14	0.006	0.001	16830.900	16415.0	0.049	0.796
32	16	0.006	0.001	16833.100	16420.8	0.049	0.796
32	18	0.006	0.001	16834.000	16424.6	0.048	0.796
32	20	0.006	0.001	16836.100	16429.2	0.048	0.796
40	-20	0.522	0.073	807.934	276.7	0.701	0.061
40	-18	0.524	0.070	947.456	333.4	0.703	0.072
40	-16	0.524	0.068	1090.360	377.8	0.709	0.086
40	-14	0.523	0.066	1330.000	437.8	0.717	0.105
40	-12	0.519	0.063	1619.480	528.3	0.726	0.131
40	-10	0.513	0.060	2253.030	709.6	0.736	0.192
40	-8	0.503	0.057	4428.970	1217.8	0.773	0.395
40	-6	0.488	0.051	8035.870	2027.0	0.807	0.683
40	-4	0.452	0.044	8974.980	2441.1	0.820	0.754
40	-2	0.395	0.037	9572.280	2797.4	0.814	0.784
40	0	0.312	0.026	10916.300	3952.7	0.751	0.796
40	2	0.200	0.015	12560.800	6263.6	0.619	0.796
40	4	0.008	0.001	16503.000	15673.5	0.093	0.796
40	6	0.005	0.001	16772.600	16271.0	0.057	0.796
40	8	0.005	0.001	16806.800	16355.5	0.052	0.796
40	10	0.006	0.001	16819.700	16386.5	0.050	0.796
40	12	0.005	0.001	16826.100	16403.5	0.050	0.796
40	14	0.005	0.001	16829.300	16411.9	0.049	0.796
40	16	0.005	0.001	16832.700	16419.2	0.049	0.796
40	18	0.005	0.001	16834.500	16423.7	0.048	0.796
40	20	0.005	0.001	16835.800	16427.9	0.048	0.796
48	-20	0.524	0.072	865.630	295.0	0.703	0.065
48	-18	0.525	0.070	996.494	348.7	0.706	0.077
48	-16	0.526	0.067	1194.520	396.5	0.713	0.093
48	-14	0.525	0.065	1401.530	462.0	0.721	0.112
48	-12	0.521	0.063	1749.120	560.8	0.730	0.143
48	-10	0.515	0.060	2509.610	759.3	0.742	0.216
48	-8	0.505	0.056	5106.230	1390.3	0.781	0.452
48	-6	0.491	0.051	8190.420	2080.4	0.810	0.697
48	-4	0.457	0.045	9048.910	2472.2	0.820	0.760
48	-2	0.401	0.037	9527.830	2766.9	0.815	0.784
48	0	0.319	0.027	10780.500	3785.1	0.760	0.796
48	2	0.212	0.016	12393.300	5970.0	0.636	0.796
48	4	0.011	0.001	16412.800	15449.6	0.106	0.796
48	6	0.005	0.001	16769.600	16260.5	0.058	0.796
48	8	0.006	0.001	16807.100	16351.3	0.053	0.796
48	10	0.005	0.001	16820.600	16386.2	0.051	0.796
48	12	0.005	0.001	16826.300	16403.1	0.050	0.796
48	14	0.005	0.001	16829.800	16412.5	0.049	0.796
48	16	0.005	0.001	16832.500	16418.6	0.049	0.796
48	18	0.005	0.001	16834.700	16423.8	0.048	0.796
48	20	0.005	0.001	16835.600	16427.2	0.048	0.796
56	-20	0.527	0.071	930.376	325.3	0.704	0.071
56	-18	0.527	0.069	1044.280	363.5	0.709	0.082
56	-16	0.528	0.067	1266.500	417.4	0.716	0.099
56	-14	0.526	0.065	1484.960	482.8	0.725	0.119
56	-12	0.523	0.062	1903.380	612.4	0.732	0.157
56	-10	0.516	0.060	2770.850	819.6	0.748	0.238
56	-8	0.509	0.056	5836.200	1573.6	0.789	0.510
56	-6	0.493	0.051	8326.490	2128.3	0.812	0.709
56	-4	0.460	0.045	9244.460	2571.7	0.821	0.775
56	-2	0.406	0.038	9539.960	2775.2	0.817	0.788
56	0	0.326	0.028	10663.000	3641.3	0.768	0.796
56	2	0.221	0.017	12263.800	5750.7	0.649	0.796
56	4	0.018	0.002	15819.300	13849.2	0.197	0.796
56	6	0.006	0.001	16762.800	16243.8	0.059	0.796
56	8	0.006	0.001	16803.300	16346.2	0.053	0.796
56	10	0.006	0.001	16818.300	16383.7	0.051	0.796
56	12	0.005	0.001	16825.900	16403.3	0.050	0.796
56	14	0.005	0.001	16828.700	16411.6	0.049	0.796
56	16	0.005	0.001	16831.500	16418.7	0.049	0.796
56	18	0.006	0.001	16834.500	16424.5	0.048	0.796
56	20	0.006	0.001	16835.700	16428.0	0.048	0.796
64	-20	0.528	0.071	962.822	336.6	0.706	0.073
64	-18	0.528	0.069	1102.040	379.7	0.713	0.087
64	-16	0.528	0.067	1307.510	428.5	0.719	0.103
64	-14	0.527	0.065	1543.940	503.1	0.727	0.125
64	-12	0.523	0.062	1998.210	640.6	0.735	0.167
64	-10	0.517	0.059	2991.710	879.3	0.753	0.259
64	-8	0.510	0.056	6450.060	1676.6	0.794	0.556
64	-6	0.494	0.051	8405.880	2158.6	0.813	0.714
64	-4	0.463	0.046	9243.510	2568.5	0.821	0.775
64	-2	0.410	0.039	9516.780	2759.2	0.818	0.788
64	0	0.331	0.029	10552.800	3532.7	0.774	0.796
64	2	0.228	0.017	12160.500	5577.4	0.658	0.796
64	4	0.051	0.004	15528.700	12805.1	0.255	0.796
64	6	0.006	0.001	16758.900	16231.2	0.060	0.796
64	8	0.005	0.001	16801.600	16341.8	0.053	0.796
64	10	0.005	0.001	16818.900	16383.0	0.051	0.796
64	12	0.005	0.001	16825.300	16401.4	0.050	0.796
64	14	0.005	0.001	16829.400	16411.3	0.049	0.796
64	16	0.005	0.001	16832.200	16418.2	0.049	0.796
64	18	0.005	0.001	16835.600	16425.0	0.048	0.796
64	20	0.005	0.001	16836.800	16428.7	0.048	0.796
72	-20	0.529	0.071	989.338	345.2	0.708	0.076
72	-18	0.530	0.068	1166.850	387.1	0.715	0.091
72	-16	0.530	0.066	1349.020	443.3	0.722	0.107
72	-14	0.528	0.064	1606.990	520.6	0.730	0.130
72	-12	0.524	0.062	2102.730	667.9	0.737	0.178
72	-10	0.518	0.059	3228.280	926.8	0.759	0.283
72	-8	0.511	0.056	7042.370	1770.6	0.798	0.603
72	-6	0.496	0.051	8467.830	2186.5	0.813	0.719
72	-4	0.465	0.046	9245.660	2570.3	0.821	0.775
72	-2	0.413	0.039	9498.280	2746.6	0.819	0.788
72	0	0.337	0.030	10474.200	3446.4	0.779	0.796
72	2	0.234	0.018	12048.600	5427.2	0.667	0.796
72	4	0.071	0.005	15285.300	12052.6	0.297	0.796
72	6	0.006	0.001	16755.700	16217.2	0.060	0.796
72	8	0.006	0.001	16801.800	16339.4	0.053	0.796
72	10	0.005	0.001	16817.700	16381.3	0.051	0.796
72	12	0.005	0.001	16824.600	16400.7	0.050	0.796
72	14	0.006	0.001	16828.500	16410.3	0.049	0.796
72	16	0.006	0.001	16831.700	16417.9	0.049	0.796
72	18	0.006	0.001	16833.600	16422.8	0.049	0.796
72	20	0.006	0.001	16835.700	16427.5	0.048	0.796
80	-20	0.530	0.070	1012.290	351.7	0.710	0.079
80	-18	0.531	0.068	1202.770	398.1	0.716	0.094
80	-16	0.530	0.066	1384.080	455.4	0.723	0.110
80	-14	0.528	0.064	1669.090	537.2	0.732	0.137
80	-12	0.525	0.062	2197.360	688.4	0.740	0.188
80	-10	0.519	0.060	3577.860	1008.9	0.765	0.318
80	-8	0.513	0.056	7370.910	1828.3	0.801	0.630
80	-6	0.497	0.052	8536.410	2229.3	0.814	0.724
80	-4	0.467	0.046	9244.200	2568.2	0.822	0.775
80	-2	0.417	0.039	9479.500	2735.5	0.819	0.788
80	0	0.341	0.030	10403.200	3371.4	0.784	0.796
80	2	0.240	0.019	11970.200	5305.0	0.674	0.796
80	4	0.084	0.006	15027.000	11278.2	0.340	0.796
80	6	0.006	0.001	16751.400	16206.1	0.061	0.796
80	8	0.006	0.001	16798.500	16335.3	0.053	0.796
80	10	0.006	0.001	16816.800	16378.6	0.051	0.796
80	12	0.005	0.001	16823.200	16398.7	0.050	0.796
80	14	0.005	0.001	16828.400	16409.6	0.049	0.796
80	16	0.005	0.001	16831.200	16416.8	0.049	0.796
80	18	0.005	0.001	16833.900	16422.8	0.048	0.796
80	20	0.005	0.001	16835.400	16426.6	0.048	0.796
