0.0	-20.0	0.00222
0.0	-19.0	0.00224
0.0	-18.0	0.00228
0.0	-17.0	0.00224
0.0	-16.0	0.00224
0.0	-15.0	0.00224
0.0	-14.0	0.00224
0.0	-13.0	0.00224
0.0	-12.0	0.00224
0.0	-11.0	0.00226
0.0	-10.0	0.00224
0.0	-9.0	0.00230
0.0	-8.0	0.00222
0.0	-7.0	0.00224
0.0	-6.0	0.00224
0.0	-5.0	0.00230
0.0	-4.0	0.00222
0.0	-3.0	0.00230
0.0	-2.0	0.00233
0.0	-1.0	0.00196
0.0	0.0	0.00339
0.0	1.0	0.00224
0.0	2.0	0.00224
0.0	3.0	0.00224
0.0	4.0	0.00224
0.0	5.0	0.00224
0.0	6.0	0.00224
0.0	7.0	0.00224
0.0	8.0	0.00224
0.0	9.0	0.00224
0.0	10.0	0.00224
0.0	11.0	0.00224
0.0	12.0	0.00224
0.0	13.0	0.00224
0.0	14.0	0.00224
0.0	15.0	0.00224
0.0	16.0	0.00224
0.0	17.0	0.00224
0.0	18.0	0.00224
0.0	19.0	0.00224
1.0	-20.0	0.01621
1.0	-19.0	0.01004
1.0	-18.0	0.01032
1.0	-17.0	0.01041
1.0	-16.0	0.01062
1.0	-15.0	0.00991
1.0	-14.0	0.00954
1.0	-13.0	0.00979
1.0	-12.0	0.00990
1.0	-11.0	0.00864
1.0	-10.0	0.00740
1.0	-9.0	0.00698
1.0	-8.0	0.00614
1.0	-7.0	0.00504
1.0	-6.0	0.00540
1.0	-5.0	0.00375
1.0	-4.0	0.00301
1.0	-3.0	0.00310
1.0	-2.0	0.00226
1.0	-1.0	0.00445
1.0	0.0	0.21278
1.0	1.0	0.26993
1.0	2.0	0.29402
1.0	3.0	0.29177
1.0	4.0	0.28570
1.0	5.0	0.28077
1.0	6.0	0.27582
1.0	7.0	0.27440
1.0	8.0	0.27077
1.0	9.0	0.26831
1.0	10.0	0.26643
1.0	11.0	0.26465
1.0	12.0	0.26292
1.0	13.0	0.26237
1.0	14.0	0.26038
1.0	15.0	0.25857
1.0	16.0	0.25663
1.0	17.0	0.25586
1.0	18.0	0.25489
1.0	19.0	0.25392
2.0	-20.0	0.01621
2.0	-19.0	0.01006
2.0	-18.0	0.01030
2.0	-17.0	0.01047
2.0	-16.0	0.01068
2.0	-15.0	0.00990
2.0	-14.0	0.00959
2.0	-13.0	0.00998
2.0	-12.0	0.00999
2.0	-11.0	0.00864
2.0	-10.0	0.00738
2.0	-9.0	0.00714
2.0	-8.0	0.00632
2.0	-7.0	0.00517
2.0	-6.0	0.00528
2.0	-5.0	0.00385
2.0	-4.0	0.00305
2.0	-3.0	0.00280
2.0	-2.0	0.00251
2.0	-1.0	0.00453
2.0	0.0	0.32684
2.0	1.0	0.32784
2.0	2.0	0.30494
2.0	3.0	0.29326
2.0	4.0	0.28555
2.0	5.0	0.28043
2.0	6.0	0.27602
2.0	7.0	0.27369
2.0	8.0	0.27035
2.0	9.0	0.26850
2.0	10.0	0.26688
2.0	11.0	0.26446
2.0	12.0	0.26308
2.0	13.0	0.26190
2.0	14.0	0.26030
2.0	15.0	0.25824
2.0	16.0	0.25671
2.0	17.0	0.25574
2.0	18.0	0.25474
2.0	19.0	0.25440
3.0	-20.0	0.01804
3.0	-19.0	0.01130
3.0	-18.0	0.01316
3.0	-17.0	0.01208
3.0	-16.0	0.01237
3.0	-15.0	0.01236
3.0	-14.0	0.01202
3.0	-13.0	0.01189
3.0	-12.0	0.01136
3.0	-11.0	0.01009
3.0	-10.0	0.00834
3.0	-9.0	0.00832
3.0	-8.0	0.00767
3.0	-7.0	0.00626
3.0	-6.0	0.00620
3.0	-5.0	0.00475
3.0	-4.0	0.00391
3.0	-3.0	0.00323
3.0	-2.0	0.00299
3.0	-1.0	0.00440
3.0	0.0	0.35722
3.0	1.0	0.32810
3.0	2.0	0.30491
3.0	3.0	0.29280
3.0	4.0	0.28540
3.0	5.0	0.28010
3.0	6.0	0.27580
3.0	7.0	0.27344
3.0	8.0	0.27065
3.0	9.0	0.26801
3.0	10.0	0.26668
3.0	11.0	0.26454
3.0	12.0	0.26262
3.0	13.0	0.26146
3.0	14.0	0.25975
3.0	15.0	0.25832
3.0	16.0	0.25607
3.0	17.0	0.25573
3.0	18.0	0.25493
3.0	19.0	0.25369
4.0	-20.0	0.01801
4.0	-19.0	0.01127
4.0	-18.0	0.01305
4.0	-17.0	0.01200
4.0	-16.0	0.01243
4.0	-15.0	0.01235
4.0	-14.0	0.01198
4.0	-13.0	0.01191
4.0	-12.0	0.01132
4.0	-11.0	0.01003
4.0	-10.0	0.00829
4.0	-9.0	0.00843
4.0	-8.0	0.00785
4.0	-7.0	0.00629
4.0	-6.0	0.00647
4.0	-5.0	0.00468
4.0	-4.0	0.00385
4.0	-3.0	0.00331
4.0	-2.0	0.00309
4.0	-1.0	0.00427
4.0	0.0	0.37594
4.0	1.0	0.32761
4.0	2.0	0.30520
4.0	3.0	0.29346
4.0	4.0	0.28568
4.0	5.0	0.28025
4.0	6.0	0.27568
4.0	7.0	0.27295
4.0	8.0	0.27066
4.0	9.0	0.26842
4.0	10.0	0.26596
4.0	11.0	0.26427
4.0	12.0	0.26320
4.0	13.0	0.26148
4.0	14.0	0.25975
4.0	15.0	0.25836
4.0	16.0	0.25681
4.0	17.0	0.25591
4.0	18.0	0.25476
4.0	19.0	0.25386
5.0	-20.0	0.01623
5.0	-19.0	0.01005
5.0	-18.0	0.01032
5.0	-17.0	0.01041
5.0	-16.0	0.01086
5.0	-15.0	0.00994
5.0	-14.0	0.00962
5.0	-13.0	0.00999
5.0	-12.0	0.01000
5.0	-11.0	0.00851
5.0	-10.0	0.00740
5.0	-9.0	0.00706
5.0	-8.0	0.00635
5.0	-7.0	0.00510
5.0	-6.0	0.00538
5.0	-5.0	0.00374
5.0	-4.0	0.00297
5.0	-3.0	0.00285
5.0	-2.0	0.00273
5.0	-1.0	0.00438
5.0	0.0	0.38894
5.0	1.0	0.32763
5.0	2.0	0.30466
5.0	3.0	0.29326
5.0	4.0	0.28526
5.0	5.0	0.28056
5.0	6.0	0.27564
5.0	7.0	0.27323
5.0	8.0	0.27088
5.0	9.0	0.26838
5.0	10.0	0.26621
5.0	11.0	0.26465
5.0	12.0	0.26207
5.0	13.0	0.26265
5.0	14.0	0.25996
5.0	15.0	0.25840
5.0	16.0	0.25673
5.0	17.0	0.25570
5.0	18.0	0.25481
5.0	19.0	0.25369
6.0	-20.0	0.01800
6.0	-19.0	0.01126
6.0	-18.0	0.01306
6.0	-17.0	0.01207
6.0	-16.0	0.01245
6.0	-15.0	0.01232
6.0	-14.0	0.01199
6.0	-13.0	0.01190
6.0	-12.0	0.01134
6.0	-11.0	0.00993
6.0	-10.0	0.00835
6.0	-9.0	0.00836
6.0	-8.0	0.00775
6.0	-7.0	0.00628
6.0	-6.0	0.00637
6.0	-5.0	0.00451
6.0	-4.0	0.00397
6.0	-3.0	0.00324
6.0	-2.0	0.00310
6.0	-1.0	0.00429
6.0	0.0	0.39825
6.0	1.0	0.32761
6.0	2.0	0.30496
6.0	3.0	0.29309
6.0	4.0	0.28544
6.0	5.0	0.28072
6.0	6.0	0.27568
6.0	7.0	0.27268
6.0	8.0	0.27107
6.0	9.0	0.26839
6.0	10.0	0.26620
6.0	11.0	0.26491
6.0	12.0	0.26194
6.0	13.0	0.26281
6.0	14.0	0.25979
6.0	15.0	0.25891
6.0	16.0	0.25690
6.0	17.0	0.25562
6.0	18.0	0.25488
6.0	19.0	0.25372
7.0	-20.0	0.01805
7.0	-19.0	0.01130
7.0	-18.0	0.01315
7.0	-17.0	0.01205
7.0	-16.0	0.01245
7.0	-15.0	0.01237
7.0	-14.0	0.01201
7.0	-13.0	0.01198
7.0	-12.0	0.01135
7.0	-11.0	0.01004
7.0	-10.0	0.00831
7.0	-9.0	0.00834
7.0	-8.0	0.00784
7.0	-7.0	0.00627
7.0	-6.0	0.00628
7.0	-5.0	0.00479
7.0	-4.0	0.00397
7.0	-3.0	0.00319
7.0	-2.0	0.00300
7.0	-1.0	0.00424
7.0	0.0	0.40567
7.0	1.0	0.32967
7.0	2.0	0.30499
7.0	3.0	0.29333
7.0	4.0	0.28513
7.0	5.0	0.28025
7.0	6.0	0.27577
7.0	7.0	0.27274
7.0	8.0	0.27056
7.0	9.0	0.26811
7.0	10.0	0.26622
7.0	11.0	0.26483
7.0	12.0	0.26260
7.0	13.0	0.26014
7.0	14.0	0.25962
7.0	15.0	0.25835
7.0	16.0	0.25636
7.0	17.0	0.25577
7.0	18.0	0.25519
7.0	19.0	0.25401
8.0	-20.0	0.01781
8.0	-19.0	0.01122
8.0	-18.0	0.01294
8.0	-17.0	0.01195
8.0	-16.0	0.01237
8.0	-15.0	0.01207
8.0	-14.0	0.01178
8.0	-13.0	0.01179
8.0	-12.0	0.01128
8.0	-11.0	0.00986
8.0	-10.0	0.00822
8.0	-9.0	0.00834
8.0	-8.0	0.00758
8.0	-7.0	0.00624
8.0	-6.0	0.00617
8.0	-5.0	0.00461
8.0	-4.0	0.00393
8.0	-3.0	0.00322
8.0	-2.0	0.00293
8.0	-1.0	0.00427
8.0	0.0	0.41170
8.0	1.0	0.32762
8.0	2.0	0.30511
8.0	3.0	0.29311
8.0	4.0	0.28534
8.0	5.0	0.28058
8.0	6.0	0.27632
8.0	7.0	0.27292
8.0	8.0	0.27061
8.0	9.0	0.26814
8.0	10.0	0.26587
8.0	11.0	0.26465
8.0	12.0	0.26169
8.0	13.0	0.26197
8.0	14.0	0.25960
8.0	15.0	0.25808
8.0	16.0	0.25665
8.0	17.0	0.25559
8.0	18.0	0.25501
8.0	19.0	0.25371
9.0	-20.0	0.01804
9.0	-19.0	0.01129
9.0	-18.0	0.01316
9.0	-17.0	0.01207
9.0	-16.0	0.01245
9.0	-15.0	0.01237
9.0	-14.0	0.01203
9.0	-13.0	0.01190
9.0	-12.0	0.01133
9.0	-11.0	0.00997
9.0	-10.0	0.00834
9.0	-9.0	0.00846
9.0	-8.0	0.00771
9.0	-7.0	0.00622
9.0	-6.0	0.00617
9.0	-5.0	0.00455
9.0	-4.0	0.00397
9.0	-3.0	0.00313
9.0	-2.0	0.00295
9.0	-1.0	0.00436
9.0	0.0	0.41648
9.0	1.0	0.32784
9.0	2.0	0.30534
9.0	3.0	0.29340
9.0	4.0	0.28547
9.0	5.0	0.28057
9.0	6.0	0.27654
9.0	7.0	0.27303
9.0	8.0	0.27071
9.0	9.0	0.26890
9.0	10.0	0.26614
9.0	11.0	0.26428
9.0	12.0	0.26197
9.0	13.0	0.26313
9.0	14.0	0.25984
9.0	15.0	0.25797
9.0	16.0	0.25696
9.0	17.0	0.25615
9.0	18.0	0.25451
9.0	19.0	0.25383
10.0	-20.0	0.01800
10.0	-19.0	0.01123
10.0	-18.0	0.01312
10.0	-17.0	0.01200
10.0	-16.0	0.01234
10.0	-15.0	0.01229
10.0	-14.0	0.01189
10.0	-13.0	0.01186
10.0	-12.0	0.01131
10.0	-11.0	0.00993
10.0	-10.0	0.00826
10.0	-9.0	0.00835
10.0	-8.0	0.00785
10.0	-7.0	0.00629
10.0	-6.0	0.00615
10.0	-5.0	0.00464
10.0	-4.0	0.00403
10.0	-3.0	0.00309
10.0	-2.0	0.00291
10.0	-1.0	0.00439
10.0	0.0	0.42081
10.0	1.0	0.32813
10.0	2.0	0.30538
10.0	3.0	0.29328
10.0	4.0	0.28554
10.0	5.0	0.28059
10.0	6.0	0.27614
10.0	7.0	0.27275
10.0	8.0	0.27069
10.0	9.0	0.26840
10.0	10.0	0.26597
10.0	11.0	0.26438
10.0	12.0	0.26208
10.0	13.0	0.26209
10.0	14.0	0.26011
10.0	15.0	0.25854
10.0	16.0	0.25715
10.0	17.0	0.25579
10.0	18.0	0.25506
10.0	19.0	0.25425
11.0	-20.0	0.01622
11.0	-19.0	0.01004
11.0	-18.0	0.01034
11.0	-17.0	0.01042
11.0	-16.0	0.01084
11.0	-15.0	0.00993
11.0	-14.0	0.00960
11.0	-13.0	0.00997
11.0	-12.0	0.01001
11.0	-11.0	0.00846
11.0	-10.0	0.00737
11.0	-9.0	0.00704
11.0	-8.0	0.00633
11.0	-7.0	0.00506
11.0	-6.0	0.00513
11.0	-5.0	0.00368
11.0	-4.0	0.00301
11.0	-3.0	0.00272
11.0	-2.0	0.00251
11.0	-1.0	0.00441
11.0	0.0	0.42435
11.0	1.0	0.32812
11.0	2.0	0.30547
11.0	3.0	0.29283
11.0	4.0	0.28611
11.0	5.0	0.28093
11.0	6.0	0.27617
11.0	7.0	0.27275
11.0	8.0	0.27084
11.0	9.0	0.26839
11.0	10.0	0.26593
11.0	11.0	0.26439
11.0	12.0	0.26217
11.0	13.0	0.26204
11.0	14.0	0.26010
11.0	15.0	0.25853
11.0	16.0	0.25695
11.0	17.0	0.25586
11.0	18.0	0.25501
11.0	19.0	0.25412
12.0	-20.0	0.01805
12.0	-19.0	0.01129
12.0	-18.0	0.01315
12.0	-17.0	0.01207
12.0	-16.0	0.01246
12.0	-15.0	0.01234
12.0	-14.0	0.01205
12.0	-13.0	0.01191
12.0	-12.0	0.01134
12.0	-11.0	0.01001
12.0	-10.0	0.00837
12.0	-9.0	0.00835
12.0	-8.0	0.00783
12.0	-7.0	0.00618
12.0	-6.0	0.00643
12.0	-5.0	0.00453
12.0	-4.0	0.00403
12.0	-3.0	0.00317
12.0	-2.0	0.00297
12.0	-1.0	0.00440
12.0	0.0	0.42748
12.0	1.0	0.32763
12.0	2.0	0.30571
12.0	3.0	0.29289
12.0	4.0	0.28616
12.0	5.0	0.28085
12.0	6.0	0.27610
12.0	7.0	0.27275
12.0	8.0	0.27060
12.0	9.0	0.26850
12.0	10.0	0.26601
12.0	11.0	0.26443
12.0	12.0	0.26206
12.0	13.0	0.26203
12.0	14.0	0.26007
12.0	15.0	0.25847
12.0	16.0	0.25679
12.0	17.0	0.25568
12.0	18.0	0.25503
12.0	19.0	0.25418
13.0	-20.0	0.01622
13.0	-19.0	0.01004
13.0	-18.0	0.01031
13.0	-17.0	0.01043
13.0	-16.0	0.01080
13.0	-15.0	0.00994
13.0	-14.0	0.00960
13.0	-13.0	0.00999
13.0	-12.0	0.01000
13.0	-11.0	0.00848
13.0	-10.0	0.00738
13.0	-9.0	0.00716
13.0	-8.0	0.00626
13.0	-7.0	0.00500
13.0	-6.0	0.00519
13.0	-5.0	0.00371
13.0	-4.0	0.00303
13.0	-3.0	0.00267
13.0	-2.0	0.00250
13.0	-1.0	0.00435
13.0	0.0	0.43016
13.0	1.0	0.32849
13.0	2.0	0.30582
13.0	3.0	0.29358
13.0	4.0	0.28591
13.0	5.0	0.28044
13.0	6.0	0.27650
13.0	7.0	0.27253
13.0	8.0	0.27026
13.0	9.0	0.26833
13.0	10.0	0.26596
13.0	11.0	0.26393
13.0	12.0	0.26340
13.0	13.0	0.26144
13.0	14.0	0.25979
13.0	15.0	0.25807
13.0	16.0	0.25663
13.0	17.0	0.25547
13.0	18.0	0.25493
13.0	19.0	0.25374
14.0	-20.0	0.01800
14.0	-19.0	0.01124
14.0	-18.0	0.01304
14.0	-17.0	0.01206
14.0	-16.0	0.01241
14.0	-15.0	0.01231
14.0	-14.0	0.01200
14.0	-13.0	0.01189
14.0	-12.0	0.01134
14.0	-11.0	0.00993
14.0	-10.0	0.00834
14.0	-9.0	0.00843
14.0	-8.0	0.00789
14.0	-7.0	0.00627
14.0	-6.0	0.00625
14.0	-5.0	0.00458
14.0	-4.0	0.00397
14.0	-3.0	0.00315
14.0	-2.0	0.00293
14.0	-1.0	0.00441
14.0	0.0	0.43220
14.0	1.0	0.32803
14.0	2.0	0.30475
14.0	3.0	0.29281
14.0	4.0	0.28596
14.0	5.0	0.28083
14.0	6.0	0.27591
14.0	7.0	0.27246
14.0	8.0	0.27040
14.0	9.0	0.26822
14.0	10.0	0.26645
14.0	11.0	0.26477
14.0	12.0	0.26259
14.0	13.0	0.26038
14.0	14.0	0.25984
14.0	15.0	0.25871
14.0	16.0	0.25696
14.0	17.0	0.25579
14.0	18.0	0.25561
14.0	19.0	0.25352
15.0	-20.0	0.01781
15.0	-19.0	0.01120
15.0	-18.0	0.01294
15.0	-17.0	0.01195
15.0	-16.0	0.01233
15.0	-15.0	0.01206
15.0	-14.0	0.01180
15.0	-13.0	0.01177
15.0	-12.0	0.01127
15.0	-11.0	0.00986
15.0	-10.0	0.00824
15.0	-9.0	0.00834
15.0	-8.0	0.00758
15.0	-7.0	0.00622
15.0	-6.0	0.00625
15.0	-5.0	0.00454
15.0	-4.0	0.00393
15.0	-3.0	0.00316
15.0	-2.0	0.00292
15.0	-1.0	0.00433
15.0	0.0	0.43396
15.0	1.0	0.32812
15.0	2.0	0.30546
15.0	3.0	0.29303
15.0	4.0	0.28579
15.0	5.0	0.28080
15.0	6.0	0.27649
15.0	7.0	0.27260
15.0	8.0	0.27065
15.0	9.0	0.26837
15.0	10.0	0.26623
15.0	11.0	0.26444
15.0	12.0	0.26199
15.0	13.0	0.26201
15.0	14.0	0.25973
15.0	15.0	0.25808
15.0	16.0	0.25716
15.0	17.0	0.25539
15.0	18.0	0.25472
15.0	19.0	0.25366
16.0	-20.0	0.01762
16.0	-19.0	0.01098
16.0	-18.0	0.01267
16.0	-17.0	0.01166
16.0	-16.0	0.01198
16.0	-15.0	0.01169
16.0	-14.0	0.01149
16.0	-13.0	0.01133
16.0	-12.0	0.01113
16.0	-11.0	0.00974
16.0	-10.0	0.00795
16.0	-9.0	0.00800
16.0	-8.0	0.00762
16.0	-7.0	0.00599
16.0	-6.0	0.00599
16.0	-5.0	0.00428
16.0	-4.0	0.00358
16.0	-3.0	0.00287
16.0	-2.0	0.00276
16.0	-1.0	0.00439
16.0	0.0	0.43574
16.0	1.0	0.32803
16.0	2.0	0.30525
16.0	3.0	0.29343
16.0	4.0	0.28565
16.0	5.0	0.28073
16.0	6.0	0.27567
16.0	7.0	0.27259
16.0	8.0	0.27076
16.0	9.0	0.26827
16.0	10.0	0.26605
16.0	11.0	0.26454
16.0	12.0	0.26217
16.0	13.0	0.26181
16.0	14.0	0.25967
16.0	15.0	0.25876
16.0	16.0	0.25648
16.0	17.0	0.25581
16.0	18.0	0.25555
16.0	19.0	0.25359
17.0	-20.0	0.01622
17.0	-19.0	0.01004
17.0	-18.0	0.01035
17.0	-17.0	0.01042
17.0	-16.0	0.01079
17.0	-15.0	0.00995
17.0	-14.0	0.00960
17.0	-13.0	0.00995
17.0	-12.0	0.01001
17.0	-11.0	0.00852
17.0	-10.0	0.00737
17.0	-9.0	0.00713
17.0	-8.0	0.00638
17.0	-7.0	0.00509
17.0	-6.0	0.00523
17.0	-5.0	0.00364
17.0	-4.0	0.00301
17.0	-3.0	0.00291
17.0	-2.0	0.00254
17.0	-1.0	0.00432
17.0	0.0	0.43742
17.0	1.0	0.32754
17.0	2.0	0.30537
17.0	3.0	0.29324
17.0	4.0	0.28599
17.0	5.0	0.28067
17.0	6.0	0.27598
17.0	7.0	0.27272
17.0	8.0	0.27115
17.0	9.0	0.26821
17.0	10.0	0.26619
17.0	11.0	0.26445
17.0	12.0	0.26249
17.0	13.0	0.26248
17.0	14.0	0.25989
17.0	15.0	0.25800
17.0	16.0	0.25708
17.0	17.0	0.25638
17.0	18.0	0.25496
17.0	19.0	0.25420
18.0	-20.0	0.01623
18.0	-19.0	0.01004
18.0	-18.0	0.01034
18.0	-17.0	0.01042
18.0	-16.0	0.01078
18.0	-15.0	0.00994
18.0	-14.0	0.00960
18.0	-13.0	0.01001
18.0	-12.0	0.00998
18.0	-11.0	0.00853
18.0	-10.0	0.00737
18.0	-9.0	0.00711
18.0	-8.0	0.00637
18.0	-7.0	0.00509
18.0	-6.0	0.00521
18.0	-5.0	0.00374
18.0	-4.0	0.00299
18.0	-3.0	0.00285
18.0	-2.0	0.00256
18.0	-1.0	0.00424
18.0	0.0	0.43899
18.0	1.0	0.32779
18.0	2.0	0.30528
18.0	3.0	0.29314
18.0	4.0	0.28583
18.0	5.0	0.28031
18.0	6.0	0.27629
18.0	7.0	0.27286
18.0	8.0	0.27065
18.0	9.0	0.26854
18.0	10.0	0.26741
18.0	11.0	0.26482
18.0	12.0	0.26218
18.0	13.0	0.26198
18.0	14.0	0.25950
18.0	15.0	0.25792
18.0	16.0	0.25698
18.0	17.0	0.25530
18.0	18.0	0.25477
18.0	19.0	0.25367
19.0	-20.0	0.01800
19.0	-19.0	0.01124
19.0	-18.0	0.01307
19.0	-17.0	0.01207
19.0	-16.0	0.01239
19.0	-15.0	0.01231
19.0	-14.0	0.01201
19.0	-13.0	0.01189
19.0	-12.0	0.01133
19.0	-11.0	0.00997
19.0	-10.0	0.00837
19.0	-9.0	0.00843
19.0	-8.0	0.00783
19.0	-7.0	0.00633
19.0	-6.0	0.00633
19.0	-5.0	0.00461
19.0	-4.0	0.00401
19.0	-3.0	0.00316
19.0	-2.0	0.00295
19.0	-1.0	0.00423
19.0	0.0	0.44044
19.0	1.0	0.32809
19.0	2.0	0.30518
19.0	3.0	0.29316
19.0	4.0	0.28581
19.0	5.0	0.28045
19.0	6.0	0.27608
19.0	7.0	0.27288
19.0	8.0	0.27074
19.0	9.0	0.26810
19.0	10.0	0.26601
19.0	11.0	0.26422
19.0	12.0	0.26231
19.0	13.0	0.26196
19.0	14.0	0.25966
19.0	15.0	0.25897
19.0	16.0	0.25652
19.0	17.0	0.25581
19.0	18.0	0.25528
19.0	19.0	0.25353
20.0	-20.0	0.01804
20.0	-19.0	0.01128
20.0	-18.0	0.01317
20.0	-17.0	0.01207
20.0	-16.0	0.01239
20.0	-15.0	0.01237
20.0	-14.0	0.01205
20.0	-13.0	0.01188
20.0	-12.0	0.01132
20.0	-11.0	0.01001
20.0	-10.0	0.00834
20.0	-9.0	0.00846
20.0	-8.0	0.00771
20.0	-7.0	0.00628
20.0	-6.0	0.00631
20.0	-5.0	0.00453
20.0	-4.0	0.00397
20.0	-3.0	0.00312
20.0	-2.0	0.00299
20.0	-1.0	0.00425
20.0	0.0	0.44167
20.0	1.0	0.32751
20.0	2.0	0.30544
20.0	3.0	0.29339
20.0	4.0	0.28557
20.0	5.0	0.28032
20.0	6.0	0.27627
20.0	7.0	0.27290
20.0	8.0	0.27096
20.0	9.0	0.26873
20.0	10.0	0.26598
20.0	11.0	0.26436
20.0	12.0	0.26235
20.0	13.0	0.26150
20.0	14.0	0.26017
20.0	15.0	0.25830
20.0	16.0	0.25584
20.0	17.0	0.25572
20.0	18.0	0.25401
20.0	19.0	0.25367
21.0	-20.0	0.01804
21.0	-19.0	0.01128
21.0	-18.0	0.01317
21.0	-17.0	0.01207
21.0	-16.0	0.01239
21.0	-15.0	0.01236
21.0	-14.0	0.01205
21.0	-13.0	0.01192
21.0	-12.0	0.01132
21.0	-11.0	0.01004
21.0	-10.0	0.00836
21.0	-9.0	0.00841
21.0	-8.0	0.00770
21.0	-7.0	0.00626
21.0	-6.0	0.00637
21.0	-5.0	0.00456
21.0	-4.0	0.00397
21.0	-3.0	0.00314
21.0	-2.0	0.00300
21.0	-1.0	0.00424
21.0	0.0	0.44407
21.0	1.0	0.32708
21.0	2.0	0.30449
21.0	3.0	0.29381
21.0	4.0	0.28539
21.0	5.0	0.28042
21.0	6.0	0.27583
21.0	7.0	0.27277
21.0	8.0	0.27067
21.0	9.0	0.26878
21.0	10.0	0.26623
21.0	11.0	0.26439
21.0	12.0	0.26255
21.0	13.0	0.26027
21.0	14.0	0.25978
21.0	15.0	0.25822
21.0	16.0	0.25588
21.0	17.0	0.25564
21.0	18.0	0.25441
21.0	19.0	0.25380
22.0	-20.0	0.01623
22.0	-19.0	0.01004
22.0	-18.0	0.01032
22.0	-17.0	0.01043
22.0	-16.0	0.01078
22.0	-15.0	0.00995
22.0	-14.0	0.00961
22.0	-13.0	0.00998
22.0	-12.0	0.00999
22.0	-11.0	0.00849
22.0	-10.0	0.00737
22.0	-9.0	0.00719
22.0	-8.0	0.00625
22.0	-7.0	0.00507
22.0	-6.0	0.00517
22.0	-5.0	0.00369
22.0	-4.0	0.00304
22.0	-3.0	0.00268
22.0	-2.0	0.00255
22.0	-1.0	0.00428
22.0	0.0	0.44521
22.0	1.0	0.32773
22.0	2.0	0.30539
22.0	3.0	0.29342
22.0	4.0	0.28563
22.0	5.0	0.28030
22.0	6.0	0.27617
22.0	7.0	0.27346
22.0	8.0	0.27081
22.0	9.0	0.26882
22.0	10.0	0.26605
22.0	11.0	0.26431
22.0	12.0	0.26230
22.0	13.0	0.26149
22.0	14.0	0.26020
22.0	15.0	0.25820
22.0	16.0	0.25587
22.0	17.0	0.25571
22.0	18.0	0.25402
22.0	19.0	0.25375
23.0	-20.0	0.01800
23.0	-19.0	0.01124
23.0	-18.0	0.01307
23.0	-17.0	0.01207
23.0	-16.0	0.01239
23.0	-15.0	0.01231
23.0	-14.0	0.01201
23.0	-13.0	0.01189
23.0	-12.0	0.01133
23.0	-11.0	0.00996
23.0	-10.0	0.00837
23.0	-9.0	0.00843
23.0	-8.0	0.00770
23.0	-7.0	0.00633
23.0	-6.0	0.00631
23.0	-5.0	0.00463
23.0	-4.0	0.00394
23.0	-3.0	0.00313
23.0	-2.0	0.00292
23.0	-1.0	0.00425
23.0	0.0	0.44617
23.0	1.0	0.32827
23.0	2.0	0.30480
23.0	3.0	0.29346
23.0	4.0	0.28537
23.0	5.0	0.28059
23.0	6.0	0.27613
23.0	7.0	0.27282
23.0	8.0	0.27041
23.0	9.0	0.26801
23.0	10.0	0.26600
23.0	11.0	0.26413
23.0	12.0	0.26229
23.0	13.0	0.26198
23.0	14.0	0.25971
23.0	15.0	0.25891
23.0	16.0	0.25656
23.0	17.0	0.25583
23.0	18.0	0.25525
23.0	19.0	0.25361
24.0	-20.0	0.01623
24.0	-19.0	0.01003
24.0	-18.0	0.01035
24.0	-17.0	0.01042
24.0	-16.0	0.01077
24.0	-15.0	0.00994
24.0	-14.0	0.00960
24.0	-13.0	0.00997
24.0	-12.0	0.00998
24.0	-11.0	0.00854
24.0	-10.0	0.00735
24.0	-9.0	0.00714
24.0	-8.0	0.00625
24.0	-7.0	0.00508
24.0	-6.0	0.00512
24.0	-5.0	0.00377
24.0	-4.0	0.00301
24.0	-3.0	0.00266
24.0	-2.0	0.00250
24.0	-1.0	0.00427
24.0	0.0	0.44734
24.0	1.0	0.32788
24.0	2.0	0.30537
24.0	3.0	0.29292
24.0	4.0	0.28563
24.0	5.0	0.28048
24.0	6.0	0.27612
24.0	7.0	0.27283
24.0	8.0	0.27117
24.0	9.0	0.26858
24.0	10.0	0.26607
24.0	11.0	0.26427
24.0	12.0	0.26240
24.0	13.0	0.26130
24.0	14.0	0.26062
24.0	15.0	0.25763
24.0	16.0	0.25624
24.0	17.0	0.25556
24.0	18.0	0.25438
24.0	19.0	0.25389
25.0	-20.0	0.01800
25.0	-19.0	0.01124
25.0	-18.0	0.01307
25.0	-17.0	0.01207
25.0	-16.0	0.01238
25.0	-15.0	0.01232
25.0	-14.0	0.01200
25.0	-13.0	0.01189
25.0	-12.0	0.01133
25.0	-11.0	0.00996
25.0	-10.0	0.00834
25.0	-9.0	0.00843
25.0	-8.0	0.00785
25.0	-7.0	0.00633
25.0	-6.0	0.00631
25.0	-5.0	0.00460
25.0	-4.0	0.00393
25.0	-3.0	0.00313
25.0	-2.0	0.00293
25.0	-1.0	0.00425
25.0	0.0	0.44812
25.0	1.0	0.32812
25.0	2.0	0.30509
25.0	3.0	0.29301
25.0	4.0	0.28547
25.0	5.0	0.28060
25.0	6.0	0.27614
25.0	7.0	0.27281
25.0	8.0	0.27040
25.0	9.0	0.26799
25.0	10.0	0.26600
25.0	11.0	0.26418
25.0	12.0	0.26227
25.0	13.0	0.26198
25.0	14.0	0.25969
25.0	15.0	0.25904
25.0	16.0	0.25664
25.0	17.0	0.25585
25.0	18.0	0.25521
25.0	19.0	0.25361
26.0	-20.0	0.01623
26.0	-19.0	0.01003
26.0	-18.0	0.01032
26.0	-17.0	0.01043
26.0	-16.0	0.01078
26.0	-15.0	0.00995
26.0	-14.0	0.00961
26.0	-13.0	0.00998
26.0	-12.0	0.00999
26.0	-11.0	0.00855
26.0	-10.0	0.00741
26.0	-9.0	0.00722
26.0	-8.0	0.00627
26.0	-7.0	0.00509
26.0	-6.0	0.00527
26.0	-5.0	0.00363
26.0	-4.0	0.00301
26.0	-3.0	0.00271
26.0	-2.0	0.00256
26.0	-1.0	0.00425
26.0	0.0	0.44925
26.0	1.0	0.32968
26.0	2.0	0.30531
26.0	3.0	0.29287
26.0	4.0	0.28554
26.0	5.0	0.28059
26.0	6.0	0.27626
26.0	7.0	0.27290
26.0	8.0	0.27030
26.0	9.0	0.26806
26.0	10.0	0.26564
26.0	11.0	0.26381
26.0	12.0	0.26374
26.0	13.0	0.26084
26.0	14.0	0.25974
26.0	15.0	0.25869
26.0	16.0	0.25653
26.0	17.0	0.25561
26.0	18.0	0.25544
26.0	19.0	0.25364
27.0	-20.0	0.01622
27.0	-19.0	0.01003
27.0	-18.0	0.01035
27.0	-17.0	0.01043
27.0	-16.0	0.01077
27.0	-15.0	0.00994
27.0	-14.0	0.00959
27.0	-13.0	0.00996
27.0	-12.0	0.01001
27.0	-11.0	0.00848
27.0	-10.0	0.00735
27.0	-9.0	0.00714
27.0	-8.0	0.00627
27.0	-7.0	0.00513
27.0	-6.0	0.00522
27.0	-5.0	0.00377
27.0	-4.0	0.00299
27.0	-3.0	0.00271
27.0	-2.0	0.00254
27.0	-1.0	0.00425
27.0	0.0	0.44987
27.0	1.0	0.32781
27.0	2.0	0.30539
27.0	3.0	0.29317
27.0	4.0	0.28594
27.0	5.0	0.28051
27.0	6.0	0.27614
27.0	7.0	0.27246
27.0	8.0	0.27077
27.0	9.0	0.26884
27.0	10.0	0.26617
27.0	11.0	0.26441
27.0	12.0	0.26244
27.0	13.0	0.26224
27.0	14.0	0.25992
27.0	15.0	0.25801
27.0	16.0	0.25712
27.0	17.0	0.25623
27.0	18.0	0.25453
27.0	19.0	0.25418
28.0	-20.0	0.01805
28.0	-19.0	0.01128
28.0	-18.0	0.01317
28.0	-17.0	0.01207
28.0	-16.0	0.01240
28.0	-15.0	0.01236
28.0	-14.0	0.01204
28.0	-13.0	0.01191
28.0	-12.0	0.01135
28.0	-11.0	0.01003
28.0	-10.0	0.00838
28.0	-9.0	0.00848
28.0	-8.0	0.00784
28.0	-7.0	0.00625
28.0	-6.0	0.00638
28.0	-5.0	0.00460
28.0	-4.0	0.00389
28.0	-3.0	0.00316
28.0	-2.0	0.00297
28.0	-1.0	0.00426
28.0	0.0	0.45067
28.0	1.0	0.32907
28.0	2.0	0.30532
28.0	3.0	0.29350
28.0	4.0	0.28606
28.0	5.0	0.28074
28.0	6.0	0.27578
28.0	7.0	0.27262
28.0	8.0	0.27050
28.0	9.0	0.26860
28.0	10.0	0.26630
28.0	11.0	0.26467
28.0	12.0	0.26255
28.0	13.0	0.26081
28.0	14.0	0.25954
28.0	15.0	0.25855
28.0	16.0	0.25751
28.0	17.0	0.25661
28.0	18.0	0.25431
28.0	19.0	0.25445
29.0	-20.0	0.01622
29.0	-19.0	0.01003
29.0	-18.0	0.01032
29.0	-17.0	0.01044
29.0	-16.0	0.01078
29.0	-15.0	0.00994
29.0	-14.0	0.00960
29.0	-13.0	0.00998
29.0	-12.0	0.00998
29.0	-11.0	0.00854
29.0	-10.0	0.00738
29.0	-9.0	0.00716
29.0	-8.0	0.00625
29.0	-7.0	0.00507
29.0	-6.0	0.00523
29.0	-5.0	0.00368
29.0	-4.0	0.00298
29.0	-3.0	0.00270
29.0	-2.0	0.00256
29.0	-1.0	0.00429
29.0	0.0	0.45148
29.0	1.0	0.32794
29.0	2.0	0.30562
29.0	3.0	0.29354
29.0	4.0	0.28597
29.0	5.0	0.28073
29.0	6.0	0.27561
29.0	7.0	0.27259
29.0	8.0	0.27054
29.0	9.0	0.26857
29.0	10.0	0.26637
29.0	11.0	0.26473
29.0	12.0	0.26251
29.0	13.0	0.26081
29.0	14.0	0.25947
29.0	15.0	0.25855
29.0	16.0	0.25748
29.0	17.0	0.25636
29.0	18.0	0.25427
29.0	19.0	0.25441
30.0	-20.0	0.01762
30.0	-19.0	0.01098
30.0	-18.0	0.01268
30.0	-17.0	0.01167
30.0	-16.0	0.01195
30.0	-15.0	0.01169
30.0	-14.0	0.01148
30.0	-13.0	0.01133
30.0	-12.0	0.01112
30.0	-11.0	0.00973
30.0	-10.0	0.00798
30.0	-9.0	0.00802
30.0	-8.0	0.00753
30.0	-7.0	0.00600
30.0	-6.0	0.00597
30.0	-5.0	0.00436
30.0	-4.0	0.00361
30.0	-3.0	0.00283
30.0	-2.0	0.00276
30.0	-1.0	0.00432
30.0	0.0	0.45224
30.0	1.0	0.32827
30.0	2.0	0.30494
30.0	3.0	0.29315
30.0	4.0	0.28555
30.0	5.0	0.28071
30.0	6.0	0.27610
30.0	7.0	0.27279
30.0	8.0	0.27033
30.0	9.0	0.26800
30.0	10.0	0.26593
30.0	11.0	0.26420
30.0	12.0	0.26224
30.0	13.0	0.26163
30.0	14.0	0.25962
30.0	15.0	0.25892
30.0	16.0	0.25652
30.0	17.0	0.25551
30.0	18.0	0.25525
30.0	19.0	0.25380
31.0	-20.0	0.01781
31.0	-19.0	0.01120
31.0	-18.0	0.01295
31.0	-17.0	0.01195
31.0	-16.0	0.01230
31.0	-15.0	0.01207
31.0	-14.0	0.01180
31.0	-13.0	0.01178
31.0	-12.0	0.01126
31.0	-11.0	0.00989
31.0	-10.0	0.00825
31.0	-9.0	0.00836
31.0	-8.0	0.00754
31.0	-7.0	0.00624
31.0	-6.0	0.00624
31.0	-5.0	0.00461
31.0	-4.0	0.00388
31.0	-3.0	0.00313
31.0	-2.0	0.00292
31.0	-1.0	0.00431
31.0	0.0	0.45303
31.0	1.0	0.32796
31.0	2.0	0.30517
31.0	3.0	0.29304
31.0	4.0	0.28551
31.0	5.0	0.28057
31.0	6.0	0.27643
31.0	7.0	0.27245
31.0	8.0	0.27049
31.0	9.0	0.26852
31.0	10.0	0.26647
31.0	11.0	0.26476
31.0	12.0	0.26245
31.0	13.0	0.26060
31.0	14.0	0.25949
31.0	15.0	0.25811
31.0	16.0	0.25714
31.0	17.0	0.25532
31.0	18.0	0.25442
31.0	19.0	0.25361
32.0	-20.0	0.01622
32.0	-19.0	0.01003
32.0	-18.0	0.01035
32.0	-17.0	0.01043
32.0	-16.0	0.01077
32.0	-15.0	0.00995
32.0	-14.0	0.00959
32.0	-13.0	0.00996
32.0	-12.0	0.01001
32.0	-11.0	0.00847
32.0	-10.0	0.00738
32.0	-9.0	0.00716
32.0	-8.0	0.00627
32.0	-7.0	0.00512
32.0	-6.0	0.00519
32.0	-5.0	0.00375
32.0	-4.0	0.00299
32.0	-3.0	0.00270
32.0	-2.0	0.00252
32.0	-1.0	0.00433
32.0	0.0	0.45366
32.0	1.0	0.32824
32.0	2.0	0.30545
32.0	3.0	0.29350
32.0	4.0	0.28594
32.0	5.0	0.28055
32.0	6.0	0.27606
32.0	7.0	0.27235
32.0	8.0	0.27068
32.0	9.0	0.26894
32.0	10.0	0.26619
32.0	11.0	0.26442
32.0	12.0	0.26266
32.0	13.0	0.26249
32.0	14.0	0.25978
32.0	15.0	0.25832
32.0	16.0	0.25745
32.0	17.0	0.25624
32.0	18.0	0.25453
32.0	19.0	0.25418
33.0	-20.0	0.01623
33.0	-19.0	0.01003
33.0	-18.0	0.01033
33.0	-17.0	0.01043
33.0	-16.0	0.01078
33.0	-15.0	0.00994
33.0	-14.0	0.00961
33.0	-13.0	0.00998
33.0	-12.0	0.00999
33.0	-11.0	0.00854
33.0	-10.0	0.00741
33.0	-9.0	0.00719
33.0	-8.0	0.00628
33.0	-7.0	0.00506
33.0	-6.0	0.00529
33.0	-5.0	0.00360
33.0	-4.0	0.00304
33.0	-3.0	0.00268
33.0	-2.0	0.00254
33.0	-1.0	0.00432
33.0	0.0	0.45471
33.0	1.0	0.32822
33.0	2.0	0.30520
33.0	3.0	0.29294
33.0	4.0	0.28557
33.0	5.0	0.28072
33.0	6.0	0.27614
33.0	7.0	0.27280
33.0	8.0	0.27026
33.0	9.0	0.26816
33.0	10.0	0.26570
33.0	11.0	0.26380
33.0	12.0	0.26320
33.0	13.0	0.26077
33.0	14.0	0.25977
33.0	15.0	0.25895
33.0	16.0	0.25657
33.0	17.0	0.25553
33.0	18.0	0.25531
33.0	19.0	0.25377
34.0	-20.0	0.01623
34.0	-19.0	0.01003
34.0	-18.0	0.01033
34.0	-17.0	0.01043
34.0	-16.0	0.01078
34.0	-15.0	0.00995
34.0	-14.0	0.00960
34.0	-13.0	0.00998
34.0	-12.0	0.00999
34.0	-11.0	0.00849
34.0	-10.0	0.00737
34.0	-9.0	0.00720
34.0	-8.0	0.00622
34.0	-7.0	0.00509
34.0	-6.0	0.00520
34.0	-5.0	0.00371
34.0	-4.0	0.00303
34.0	-3.0	0.00267
34.0	-2.0	0.00252
34.0	-1.0	0.00429
34.0	0.0	0.45513
34.0	1.0	0.32796
34.0	2.0	0.30545
34.0	3.0	0.29352
34.0	4.0	0.28582
34.0	5.0	0.28040
34.0	6.0	0.27609
34.0	7.0	0.27267
34.0	8.0	0.27073
34.0	9.0	0.26890
34.0	10.0	0.26601
34.0	11.0	0.26432
34.0	12.0	0.26231
34.0	13.0	0.26147
34.0	14.0	0.26021
34.0	15.0	0.25829
34.0	16.0	0.25615
34.0	17.0	0.25555
34.0	18.0	0.25422
34.0	19.0	0.25363
35.0	-20.0	0.01781
35.0	-19.0	0.01120
35.0	-18.0	0.01295
35.0	-17.0	0.01195
35.0	-16.0	0.01230
35.0	-15.0	0.01207
35.0	-14.0	0.01180
35.0	-13.0	0.01178
35.0	-12.0	0.01127
35.0	-11.0	0.00990
35.0	-10.0	0.00825
35.0	-9.0	0.00836
35.0	-8.0	0.00754
35.0	-7.0	0.00623
35.0	-6.0	0.00629
35.0	-5.0	0.00459
35.0	-4.0	0.00390
35.0	-3.0	0.00314
35.0	-2.0	0.00289
35.0	-1.0	0.00429
35.0	0.0	0.45589
35.0	1.0	0.32835
35.0	2.0	0.30486
35.0	3.0	0.29329
35.0	4.0	0.28582
35.0	5.0	0.28074
35.0	6.0	0.27580
35.0	7.0	0.27245
35.0	8.0	0.27048
35.0	9.0	0.26845
35.0	10.0	0.26645
35.0	11.0	0.26486
35.0	12.0	0.26247
35.0	13.0	0.26053
35.0	14.0	0.25974
35.0	15.0	0.25803
35.0	16.0	0.25708
35.0	17.0	0.25553
35.0	18.0	0.25466
35.0	19.0	0.25356
36.0	-20.0	0.01622
36.0	-19.0	0.01003
36.0	-18.0	0.01035
36.0	-17.0	0.01042
36.0	-16.0	0.01077
36.0	-15.0	0.00995
36.0	-14.0	0.00959
36.0	-13.0	0.00996
36.0	-12.0	0.01001
36.0	-11.0	0.00848
36.0	-10.0	0.00738
36.0	-9.0	0.00717
36.0	-8.0	0.00625
36.0	-7.0	0.00513
36.0	-6.0	0.00526
36.0	-5.0	0.00374
36.0	-4.0	0.00301
36.0	-3.0	0.00272
36.0	-2.0	0.00250
36.0	-1.0	0.00431
36.0	0.0	0.45680
36.0	1.0	0.32809
36.0	2.0	0.30548
36.0	3.0	0.29315
36.0	4.0	0.28544
36.0	5.0	0.28053
36.0	6.0	0.27621
36.0	7.0	0.27271
36.0	8.0	0.27031
36.0	9.0	0.26800
36.0	10.0	0.26602
36.0	11.0	0.26414
36.0	12.0	0.26213
36.0	13.0	0.26154
36.0	14.0	0.25968
36.0	15.0	0.25901
36.0	16.0	0.25672
36.0	17.0	0.25551
36.0	18.0	0.25537
36.0	19.0	0.25349
37.0	-20.0	0.01623
37.0	-19.0	0.01003
37.0	-18.0	0.01033
37.0	-17.0	0.01043
37.0	-16.0	0.01078
37.0	-15.0	0.00995
37.0	-14.0	0.00962
37.0	-13.0	0.00998
37.0	-12.0	0.00999
37.0	-11.0	0.00854
37.0	-10.0	0.00740
37.0	-9.0	0.00723
37.0	-8.0	0.00624
37.0	-7.0	0.00510
37.0	-6.0	0.00534
37.0	-5.0	0.00366
37.0	-4.0	0.00304
37.0	-3.0	0.00267
37.0	-2.0	0.00255
37.0	-1.0	0.00429
37.0	0.0	0.45750
37.0	1.0	0.32826
37.0	2.0	0.30492
37.0	3.0	0.29315
37.0	4.0	0.28569
37.0	5.0	0.28057
37.0	6.0	0.27599
37.0	7.0	0.27279
37.0	8.0	0.27035
37.0	9.0	0.26813
37.0	10.0	0.26578
37.0	11.0	0.26386
37.0	12.0	0.26321
37.0	13.0	0.26081
37.0	14.0	0.25984
37.0	15.0	0.25887
37.0	16.0	0.25655
37.0	17.0	0.25546
37.0	18.0	0.25524
37.0	19.0	0.25381
38.0	-20.0	0.01805
38.0	-19.0	0.01128
38.0	-18.0	0.01316
38.0	-17.0	0.01206
38.0	-16.0	0.01240
38.0	-15.0	0.01236
38.0	-14.0	0.01204
38.0	-13.0	0.01191
38.0	-12.0	0.01133
38.0	-11.0	0.01004
38.0	-10.0	0.00837
38.0	-9.0	0.00845
38.0	-8.0	0.00781
38.0	-7.0	0.00625
38.0	-6.0	0.00641
38.0	-5.0	0.00456
38.0	-4.0	0.00401
38.0	-3.0	0.00319
38.0	-2.0	0.00297
38.0	-1.0	0.00426
38.0	0.0	0.45766
38.0	1.0	0.32798
38.0	2.0	0.30577
38.0	3.0	0.29338
38.0	4.0	0.28608
38.0	5.0	0.28057
38.0	6.0	0.27645
38.0	7.0	0.27242
38.0	8.0	0.27058
38.0	9.0	0.26873
38.0	10.0	0.26612
38.0	11.0	0.26446
38.0	12.0	0.26261
38.0	13.0	0.26247
38.0	14.0	0.25969
38.0	15.0	0.25833
38.0	16.0	0.25744
38.0	17.0	0.25629
38.0	18.0	0.25438
38.0	19.0	0.25426
39.0	-20.0	0.01801
39.0	-19.0	0.01125
39.0	-18.0	0.01306
39.0	-17.0	0.01198
39.0	-16.0	0.01237
39.0	-15.0	0.01236
39.0	-14.0	0.01198
39.0	-13.0	0.01193
39.0	-12.0	0.01133
39.0	-11.0	0.00998
39.0	-10.0	0.00830
39.0	-9.0	0.00848
39.0	-8.0	0.00776
39.0	-7.0	0.00631
39.0	-6.0	0.00638
39.0	-5.0	0.00468
39.0	-4.0	0.00393
39.0	-3.0	0.00321
39.0	-2.0	0.00289
39.0	-1.0	0.00431
39.0	0.0	0.45838
39.0	1.0	0.32833
39.0	2.0	0.30540
39.0	3.0	0.29338
39.0	4.0	0.28570
39.0	5.0	0.28032
39.0	6.0	0.27584
39.0	7.0	0.27291
39.0	8.0	0.27097
39.0	9.0	0.26839
39.0	10.0	0.26709
39.0	11.0	0.26425
39.0	12.0	0.26343
39.0	13.0	0.26076
39.0	14.0	0.26066
39.0	15.0	0.25808
39.0	16.0	0.25636
39.0	17.0	0.25534
39.0	18.0	0.25454
39.0	19.0	0.25393
